Index of Economic Freedom -- Explore the Data
Source: The Heritage Foundation
https://economicfreedom.heritage.org

Country,Index Year,Overall Score,Property Rights,Government Integrity,Judicial Effectiveness,Tax Burden,Government Spending,Fiscal Health,Business Freedom,Labor Freedom,Monetary Freedom,Trade Freedom,Investment Freedom,Financial Freedom
France,2026,64.6,91.2,73.4,84.7,54.6,0.9,34.8,78.4,59.1,73.2,79.4,75,70
France,2025,64.4,92.9,74.3,84.2,54.3,0,30,81.9,60.2,70.3,79.6,75,70
France,2024,62.5,93.1,73.7,84.2,53.1,0,6.9,82,60.5,71.6,79.2,75,70
France,2023,63.6,93,83.9,75.5,52.9,0,20,78.2,59.2,76.9,78.6,75,70
France,2022,65.9,93.8,75.9,85.5,52.1,0.5,39.1,81.9,58.8,79.1,79.2,75,70
France,2021,65.7,82.2,80.1,69.2,50.7,6.3,69,80.2,44.8,77.3,84,75,70
France,2020,66,85.9,83.3,71.2,48.8,4.5,67.1,82.5,46.1,76.7,81.4,75,70
France,2019,63.8,82.5,67.9,66.1,48.4,3.9,64.9,81.2,45.2,79.1,81,75,70
France,2018,63.9,84,65.1,72.7,47.3,2.7,60.8,80.2,45,81.6,81.9,75,70
France,2017,63.3,85,69.7,72.7,47.6,2,57,78,44.1,81.6,82,70,70
France,2016,62.3,80,69,N/A,47.7,2.5,N/A,78.4,43.5,79.1,83,70,70
France,2015,62.5,80,71,N/A,47.5,2.5,N/A,80.2,43.5,77.5,83,70,70
France,2014,63.5,80,69.9,N/A,48.4,5.6,N/A,79.9,51.8,76.1,82.8,70,70
France,2013,64.1,80,70,N/A,53,5.6,N/A,84,50.5,81.1,81.8,65,70
France,2012,63.2,80,68,N/A,53.8,5.3,N/A,83.7,51.6,82.3,82.1,55,70
France,2011,64.6,80,69,N/A,52.3,16.4,N/A,85.6,51.4,83.7,82.6,55,70
France,2010,64.2,80,69,N/A,51.9,17.9,N/A,86.3,54.7,79.7,82.5,50,70
France,2009,63.3,70,73,N/A,50.9,14.5,N/A,87.4,54.5,71.7,80.8,60,70
France,2008,64.7,70,74,N/A,53.2,13.2,N/A,88,56.4,81.2,81,60,70
France,2007,62.1,70,75,N/A,46.3,13.5,N/A,87.2,56.1,81,81.6,50,60
France,2006,61.1,70,71,N/A,46.6,11.2,N/A,88,56.5,85.6,82.4,50,50
France,2005,60.5,70,69,N/A,44.8,10.9,N/A,70,54.3,86,80.2,70,50
France,2004,60.9,70,63,N/A,44.3,14.5,N/A,70,N/A,86.4,79.8,70,50
France,2003,59.2,70,67,N/A,41.3,15.7,N/A,70,N/A,87,81.4,50,50
France,2002,58,70,67,N/A,37.2,15.7,N/A,70,N/A,82.7,79.6,50,50
France,2001,58,70,66,N/A,33.9,18.9,N/A,70,N/A,85,78,50,50
France,2000,57.4,70,67,N/A,35.1,12.5,N/A,70,N/A,83.9,77.8,50,50
France,1999,59.1,70,67,N/A,42.4,7.6,N/A,85,N/A,82.4,77.8,50,50
France,1998,58.9,70,70,N/A,38.2,8.6,N/A,85,N/A,81.2,77.8,50,50
France,1997,59.1,70,70,N/A,38.1,9.6,N/A,85,N/A,81.5,77.8,50,50
France,1996,63.7,70,90,N/A,60.6,8.3,N/A,85,N/A,81.4,77.8,50,50
France,1995,64.4,70,90,N/A,60.8,15.7,N/A,85,N/A,80.5,77.8,50,50
