Index of Economic Freedom -- Explore the Data
Source: The Heritage Foundation
https://economicfreedom.heritage.org

Country,Index Year,Overall Score,Property Rights,Government Integrity,Judicial Effectiveness,Tax Burden,Government Spending,Fiscal Health,Business Freedom,Labor Freedom,Monetary Freedom,Trade Freedom,Investment Freedom,Financial Freedom
Canada,2026,75.6,85.9,85.5,96,74.7,45.9,79.7,84.2,68.3,73.8,83.2,60,70
Canada,2025,75.5,89,85.4,95.6,74.8,44.6,78,84.6,69.4,71.5,83.2,60,70
Canada,2024,72.4,88.6,73.1,95,75.8,34.7,33.9,84.1,69.5,70.3,83.6,80,80
Canada,2023,73.7,88.5,95.1,83.1,75,35,32.2,87.9,69,74.8,83.4,80,80
Canada,2022,76.6,89.5,86.7,96.4,75.7,39.6,62.8,78.8,68.7,78.2,83.2,80,80
Canada,2021,77.9,84.5,87.9,73.3,76,49.8,84.2,81.4,72.4,76.1,88.8,80,80
Canada,2020,78.2,87.7,90.3,72.7,76.5,50.9,83.3,81.7,72,76,87,80,80
Canada,2019,77.7,87,84.6,69.4,76.8,51.3,83.1,81.9,73.7,77.2,86.8,80,80
Canada,2018,77.7,87.5,78.3,77.1,76.7,52.3,81.2,81.8,71.3,77.5,88.1,80,80
Canada,2017,78.5,88.3,81.6,80.8,77.4,52.3,80.3,81.9,73.1,77.8,88.4,80,80
Canada,2016,78,90,81,N/A,80,50.4,N/A,81.8,72.6,76.9,87,80,80
Canada,2015,79.1,90,81,N/A,79.9,48.3,N/A,89,76.1,77.9,88.4,80,80
Canada,2014,80.2,90,87.7,N/A,79.7,47.3,N/A,89.3,83.1,76.3,88.3,80,80
Canada,2013,79.4,90,87,N/A,79.8,44.8,N/A,91.7,82.3,75.2,88.2,75,80
Canada,2012,79.9,90,89,N/A,79.2,41.7,N/A,96.6,81.8,77.3,87.9,75,80
Canada,2011,80.8,90,87,N/A,78,52.7,N/A,96.4,81.7,78.8,88.1,75,80
Canada,2010,80.4,90,87,N/A,76.7,54.1,N/A,96.5,81.5,75.4,88.1,75,80
Canada,2009,80.5,90,87,N/A,76.6,53.7,N/A,96.5,81.9,80.8,88.2,70,80
Canada,2008,80.2,90,85,N/A,75.5,53.7,N/A,96.7,82.7,81,87,70,80
Canada,2007,78,90,84,N/A,75.9,52.2,N/A,96.8,82.5,80.7,88.2,60,70
Canada,2006,77.4,90,85,N/A,75.3,53.4,N/A,96.9,84.2,85.9,83.2,50,70
Canada,2005,75.8,90,87,N/A,75.1,50.8,N/A,85,82.2,84.7,82.8,50,70
Canada,2004,75.3,90,90,N/A,73.6,50.5,N/A,85,N/A,85.4,83.2,50,70
Canada,2003,74.8,90,89,N/A,72.7,47.8,N/A,85,N/A,85,83.4,50,70
Canada,2002,74.6,90,92,N/A,71.1,49.6,N/A,85,N/A,85.4,78.6,50,70
Canada,2001,71.2,90,92,N/A,41.5,47.1,N/A,85,N/A,87.2,77.8,50,70
Canada,2000,70.5,90,92,N/A,40,41.9,N/A,85,N/A,88.1,77.4,50,70
Canada,1999,69.3,90,91,N/A,39.2,34.9,N/A,85,N/A,86.9,77,50,70
Canada,1998,68.5,90,90,N/A,38.1,29.4,N/A,85,N/A,86.9,77,50,70
Canada,1997,67.9,90,89,N/A,38.1,25.9,N/A,85,N/A,86.8,77,50,70
Canada,1996,70.3,90,90,N/A,64.6,18.3,N/A,85,N/A,89.7,75.2,50,70
Canada,1995,69.4,90,90,N/A,64.2,14.8,N/A,85,N/A,85.9,75.2,50,70
China,2026,48.3,40.9,42.3,38.6,69.3,67.8,4.4,68.7,57.9,76.1,73.4,20,20
China,2025,49,46.7,40.4,37.4,71.6,67.1,11.1,67.7,57.9,74.6,74,20,20
China,2024,48.5,46.9,41.6,39.5,69.1,65.7,8.1,68.1,57.8,71.8,73.6,20,20
China,2023,48.3,45.3,38.2,42,69.5,65.1,9.8,68.3,55.2,72.5,73.6,20,20
China,2022,48,43.7,39.3,37.4,71.2,64.2,11.1,68.8,57.2,70,73.2,20,20
China,2021,58.4,62.2,46.4,71.5,72.6,67.6,54.8,80.2,64.9,69.8,71.2,20,20
China,2020,59.5,60.9,46,76.3,70.4,67.9,67.5,76.8,64.4,71.1,72.4,20,20
China,2019,58.4,49.9,49.1,75.2,70.4,70.1,76,56.2,64.2,71.9,73,25,20
China,2018,57.8,46.7,47.3,65.4,70.4,71.6,85.9,54.9,61.4,71.4,73.2,25,20
China,2017,57.4,48.3,41.6,60.7,70,73,92.5,53.9,63.4,71.8,73.6,20,20
China,2016,52,20,36,N/A,69.7,74.3,N/A,54.2,62,70.6,72.8,30,30
China,2015,52.7,20,40,N/A,69.7,81.5,N/A,52.1,63,74.2,71.8,25,30
China,2014,52.5,20,35,N/A,69.9,82.9,N/A,49.7,61.9,73.3,71.8,30,30
China,2013,51.9,20,36,N/A,70.2,83.3,N/A,48,62.6,71.6,72,25,30
China,2012,51.2,20,35,N/A,70.4,84.1,N/A,46.4,55.4,74.2,71.6,25,30
China,2011,52,20,36,N/A,70.3,87,N/A,49.8,54.9,75.3,71.6,25,30
China,2010,51,20,36,N/A,70.2,88.1,N/A,49.7,53.2,70.6,72.2,20,30
China,2009,53.2,20,35,N/A,70.6,88.9,N/A,51.6,61.8,72.9,71.4,30,30
China,2008,53.1,20,33,N/A,66.4,89.7,N/A,50.3,64.8,76.5,70.2,30,30
China,2007,52,20,32,N/A,66.6,87,N/A,46.9,64.2,75.5,68,30,30
China,2006,53.6,30,34,N/A,70,86,N/A,43.1,65.2,79.4,68,30,30
China,2005,53.7,30,34,N/A,67.9,86,N/A,55,65,84.8,54.4,30,30
China,2004,52.5,30,35,N/A,66.4,88.4,N/A,55,N/A,86.4,51.4,30,30
China,2003,52.6,30,35,N/A,66.9,90.2,N/A,55,N/A,85.8,50.6,30,30
China,2002,52.8,30,31,N/A,70.3,92.3,N/A,55,N/A,87.6,48.6,30,30
China,2001,52.6,30,34,N/A,70.4,94.1,N/A,55,N/A,84.1,46,30,30
China,2000,56.4,30,35,N/A,70.4,90.3,N/A,55,N/A,84,42.6,50,50
China,1999,54.8,30,29,N/A,70.5,95.1,N/A,55,N/A,75.2,38.2,50,50
China,1998,53.1,30,24,N/A,70.5,95.9,N/A,55,N/A,68.2,34,50,50
China,1997,51.7,30,22,N/A,70.4,95.4,N/A,55,N/A,62.7,30,50,50
China,1996,51.3,30,30,N/A,70.7,94.6,N/A,55,N/A,61.5,20,50,50
China,1995,52,30,30,N/A,70.6,93.7,N/A,55,N/A,68.4,20,50,50
France,2026,64.6,91.2,73.4,84.7,54.6,0.9,34.8,78.4,59.1,73.2,79.4,75,70
France,2025,64.4,92.9,74.3,84.2,54.3,0,30,81.9,60.2,70.3,79.6,75,70
France,2024,62.5,93.1,73.7,84.2,53.1,0,6.9,82,60.5,71.6,79.2,75,70
France,2023,63.6,93,83.9,75.5,52.9,0,20,78.2,59.2,76.9,78.6,75,70
France,2022,65.9,93.8,75.9,85.5,52.1,0.5,39.1,81.9,58.8,79.1,79.2,75,70
France,2021,65.7,82.2,80.1,69.2,50.7,6.3,69,80.2,44.8,77.3,84,75,70
France,2020,66,85.9,83.3,71.2,48.8,4.5,67.1,82.5,46.1,76.7,81.4,75,70
France,2019,63.8,82.5,67.9,66.1,48.4,3.9,64.9,81.2,45.2,79.1,81,75,70
France,2018,63.9,84,65.1,72.7,47.3,2.7,60.8,80.2,45,81.6,81.9,75,70
France,2017,63.3,85,69.7,72.7,47.6,2,57,78,44.1,81.6,82,70,70
France,2016,62.3,80,69,N/A,47.7,2.5,N/A,78.4,43.5,79.1,83,70,70
France,2015,62.5,80,71,N/A,47.5,2.5,N/A,80.2,43.5,77.5,83,70,70
France,2014,63.5,80,69.9,N/A,48.4,5.6,N/A,79.9,51.8,76.1,82.8,70,70
France,2013,64.1,80,70,N/A,53,5.6,N/A,84,50.5,81.1,81.8,65,70
France,2012,63.2,80,68,N/A,53.8,5.3,N/A,83.7,51.6,82.3,82.1,55,70
France,2011,64.6,80,69,N/A,52.3,16.4,N/A,85.6,51.4,83.7,82.6,55,70
France,2010,64.2,80,69,N/A,51.9,17.9,N/A,86.3,54.7,79.7,82.5,50,70
France,2009,63.3,70,73,N/A,50.9,14.5,N/A,87.4,54.5,71.7,80.8,60,70
France,2008,64.7,70,74,N/A,53.2,13.2,N/A,88,56.4,81.2,81,60,70
France,2007,62.1,70,75,N/A,46.3,13.5,N/A,87.2,56.1,81,81.6,50,60
France,2006,61.1,70,71,N/A,46.6,11.2,N/A,88,56.5,85.6,82.4,50,50
France,2005,60.5,70,69,N/A,44.8,10.9,N/A,70,54.3,86,80.2,70,50
France,2004,60.9,70,63,N/A,44.3,14.5,N/A,70,N/A,86.4,79.8,70,50
France,2003,59.2,70,67,N/A,41.3,15.7,N/A,70,N/A,87,81.4,50,50
France,2002,58,70,67,N/A,37.2,15.7,N/A,70,N/A,82.7,79.6,50,50
France,2001,58,70,66,N/A,33.9,18.9,N/A,70,N/A,85,78,50,50
France,2000,57.4,70,67,N/A,35.1,12.5,N/A,70,N/A,83.9,77.8,50,50
France,1999,59.1,70,67,N/A,42.4,7.6,N/A,85,N/A,82.4,77.8,50,50
France,1998,58.9,70,70,N/A,38.2,8.6,N/A,85,N/A,81.2,77.8,50,50
France,1997,59.1,70,70,N/A,38.1,9.6,N/A,85,N/A,81.5,77.8,50,50
France,1996,63.7,70,90,N/A,60.6,8.3,N/A,85,N/A,81.4,77.8,50,50
France,1995,64.4,70,90,N/A,60.8,15.7,N/A,85,N/A,80.5,77.8,50,50
Germany,2026,71.7,95.5,84.5,94.6,60.5,28.8,83.1,79.8,52.2,72.5,79.4,60,70
Germany,2025,71.6,95.4,86,93.5,60.5,26.9,81.1,83.7,53.3,69,79.6,60,70
Germany,2024,72.1,95.3,86,93,59.3,24.1,71.9,84.2,53.7,68.8,79.2,80,70
Germany,2023,73.7,94.8,93.1,89.4,60.2,28.3,82.7,79.7,52.8,75.3,78.6,80,70
Germany,2022,76.1,95.7,89.4,95.3,59.9,34.5,90.4,87.2,52.3,79.5,79.2,80,70
Germany,2021,72.5,78.8,81.5,69.8,60.4,40.3,92.8,82.4,53,77.2,84,80,70
Germany,2020,73.5,80.5,82.8,74.3,60.9,42.2,92.9,82.8,53,76.7,86.4,80,70
Germany,2019,73.5,79.9,81.3,75.4,60.8,42.3,91.8,83.3,52.8,77.9,86,80,70
Germany,2018,74.2,81,75.3,78,61.3,41.3,90.8,86.1,53.3,86.2,86.9,80,70
Germany,2017,73.8,82.9,77.7,79.5,61.9,41.4,89.9,86.6,42.8,85.9,87,80,70
Germany,2016,74.4,90,79,N/A,61.5,41.3,N/A,90,50.6,83.3,88,90,70
Germany,2015,73.8,90,78,N/A,60.8,40.1,N/A,88.2,51.2,81.5,88,90,70
Germany,2014,73.4,90,80.1,N/A,61.2,38.2,N/A,89.9,46.4,80.8,87.8,90,70
Germany,2013,72.8,90,80,N/A,61.8,37.3,N/A,92.1,43.8,81.2,86.8,85,70
Germany,2012,71,90,79,N/A,61.3,32.2,N/A,90.5,41.4,83.5,87.1,85,60
Germany,2011,71.8,90,80,N/A,58.5,42.7,N/A,89.6,40.6,83.9,87.6,85,60
Germany,2010,71.1,90,79,N/A,58.3,41.4,N/A,89.6,39.9,79.9,87.5,85,60
Germany,2009,70.5,90,78,N/A,58.5,38.2,N/A,90.3,43.4,80.8,85.8,80,60
Germany,2008,70.6,90,80,N/A,58.4,34,N/A,89.9,46.3,81.4,86,80,60
Germany,2007,70.8,90,82,N/A,61.4,33.7,N/A,88.9,44.2,81.5,86.6,90,50
Germany,2006,70.8,90,82,N/A,60.8,31.7,N/A,89.1,44.4,87.1,82.4,90,50
Germany,2005,68.1,90,77,N/A,58.4,28.6,N/A,70,48.7,88.1,80.2,90,50
Germany,2004,69.5,90,73,N/A,56.4,29.4,N/A,70,N/A,87.1,79.8,90,50
Germany,2003,69.7,90,74,N/A,55.7,30,N/A,70,N/A,86.6,81.4,90,50
Germany,2002,70.4,90,76,N/A,53.3,36.5,N/A,70,N/A,88,79.6,90,50
Germany,2001,69.5,90,80,N/A,44.7,33.7,N/A,70,N/A,89.4,78,90,50
Germany,2000,65.7,90,79,N/A,38.6,28,N/A,70,N/A,88.1,78,70,50
Germany,1999,65.6,90,82,N/A,38.3,24.1,N/A,70,N/A,86.6,79.4,70,50
Germany,1998,64.3,90,83,N/A,37.8,26.8,N/A,55,N/A,87,79.4,70,50
Germany,1997,67.5,90,81,N/A,37.8,28,N/A,70,N/A,85.6,75,70,70
Germany,1996,69.1,90,90,N/A,44,27.1,N/A,70,N/A,83.5,77.8,70,70
Germany,1995,69.8,90,90,N/A,33.2,30.6,N/A,85,N/A,81.6,77.8,70,70
Italy,2026,63.3,84.8,60.8,80.9,57.5,15.3,17.2,74.5,70.6,79.1,79.4,80,60
Italy,2025,60.9,82.2,60.6,78.8,57.4,9.5,0,77.6,70.7,74.2,79.6,80,60
Italy,2024,60.1,81.6,60.7,77.7,57,2.5,0,77.6,70.7,74.1,79.2,80,60
Italy,2023,62.3,81.2,77.9,61.1,57.3,13.7,20.4,73.8,70.6,82.6,78.6,80,50
Italy,2022,65.4,81.7,57.3,78.6,57.7,20.6,49,73.8,70.4,86.2,79.2,80,50
Italy,2021,64.9,75.7,63.7,62.3,58.1,28.9,73,68.1,50.5,84.2,84,80,50
Italy,2020,63.8,75.4,62.2,51.3,56,28.5,71.1,70.4,50.9,83.2,86.4,80,50
Italy,2019,62.2,71.7,43.7,49.8,55.6,26.5,71.3,71.7,51.1,84,86,85,50
Italy,2018,62.5,71.2,40.1,60.9,55.2,24.1,68.2,70.3,50.3,88.2,86.9,85,50
Italy,2017,62.5,74.6,44.7,55.4,54.9,22.3,66.9,69.8,52.9,86.9,87,85,50
Italy,2016,61.2,50,43,N/A,55.8,22.1,N/A,70.3,53,84.5,88,85,60
Italy,2015,61.7,55,43,N/A,54.2,23.2,N/A,71.9,55.4,81.2,88,85,60
Italy,2014,60.9,50,38.5,N/A,55.5,25.6,N/A,75.5,52.5,78.9,87.8,85,60
Italy,2013,60.6,50,39,N/A,55.5,25.3,N/A,76.9,52,80.2,86.8,80,60
Italy,2012,58.8,50,39,N/A,55,19.4,N/A,77.4,43,82,87.1,75,60
Italy,2011,60.3,50,43,N/A,55.4,28.6,N/A,77.3,44.4,82.1,87.6,75,60
Italy,2010,62.7,55,48,N/A,55.2,31.2,N/A,77.9,58.2,79,87.5,75,60
Italy,2009,61.4,50,52,N/A,55.8,24.7,N/A,78.7,61.3,80.8,80.8,70,60
Italy,2008,62.6,50,49,N/A,54.3,29.4,N/A,77,74.5,80.6,81,70,60
Italy,2007,62.8,50,50,N/A,52.8,31.5,N/A,77,74.4,80.5,81.6,70,60
Italy,2006,62,50,48,N/A,52,29.1,N/A,78.4,74.6,85.2,82.4,70,50
Italy,2005,64.9,70,53,N/A,49.6,27.4,N/A,70,74.5,84.7,80.2,70,70
Italy,2004,64.2,70,52,N/A,49.7,31.7,N/A,70,N/A,84.8,79.8,70,70
Italy,2003,64.3,70,55,N/A,48,29.4,N/A,70,N/A,84.7,81.4,70,70
Italy,2002,63.6,70,46,N/A,48,33.7,N/A,70,N/A,85.5,79.6,70,70
Italy,2001,63,70,47,N/A,47.1,28,N/A,70,N/A,86.5,78,70,70
Italy,2000,61.9,70,46,N/A,45.6,22,N/A,70,N/A,85.7,77.8,70,70
Italy,1999,61.6,70,50,N/A,46.9,15.1,N/A,70,N/A,84.5,77.8,70,70
Italy,1998,59.1,70,34,N/A,43.3,14.5,N/A,70,N/A,81.9,77.8,70,70
Italy,1997,58.1,70,30,N/A,43.2,10.6,N/A,70,N/A,81.1,77.8,70,70
Italy,1996,60.8,70,90,N/A,42.2,0.1,N/A,70,N/A,77,77.8,70,50
Italy,1995,61.2,70,70,N/A,43.6,3.6,N/A,85,N/A,81.1,77.8,70,50
Japan,2026,70.3,94.2,81.1,97.9,63,52,41.7,77.8,65.9,74.3,76.2,60,60
Japan,2025,70.2,95.1,82.8,96,62.5,47.5,41.6,78,67.8,74.4,76.2,60,60
Japan,2024,67.5,94.6,82.6,93.6,63.3,42.5,0,77.5,68.6,81.7,75.8,70,60
Japan,2023,69.3,94.1,94.7,80.7,68.1,48.4,18.1,78.3,66.8,87.1,75.2,60,60
Japan,2022,69.9,94.6,81.4,95.3,67.4,52.5,19.7,78.3,66.6,87.1,75.4,60,60
Japan,2021,74.1,87.8,82,75.5,67.8,57.8,67.5,85.9,79,85.1,80.4,60,60
Japan,2020,73.3,86.6,80.5,71.4,68.3,55.8,62,81.4,78.7,84.4,80,70,60
Japan,2019,72.1,84.1,78,68.5,68.2,55,55.7,80.5,79,85.9,80,70,60
Japan,2018,72.3,86,79.2,73.2,67.4,54.1,49.3,81.7,79.2,85.4,82.3,70,60
Japan,2017,69.6,89.4,86.1,73.8,68.5,52.3,9.5,82.3,77.5,83,82.6,70,60
Japan,2016,73.1,80,76,N/A,68.5,46.2,N/A,82.5,83.9,81.2,82.6,70,60
Japan,2015,73.3,80,74,N/A,68.7,47.1,N/A,84.1,90.2,86.7,82.6,70,50
Japan,2014,72.4,80,77.8,N/A,69.2,47.1,N/A,80,79.8,87.5,82.4,70,50
Japan,2013,71.8,80,80,N/A,69.2,45,N/A,81.3,80.3,90.6,81.8,60,50
Japan,2012,71.6,80,78,N/A,67.1,47,N/A,81.8,81.4,88.9,81.8,60,50
Japan,2011,72.8,80,77,N/A,67,58.7,N/A,83.8,81.1,87.9,82.6,60,50
Japan,2010,72.9,80,73,N/A,67.2,61.1,N/A,84.5,82.4,88.8,82.4,60,50
Japan,2009,72.8,70,75,N/A,67.5,61.1,N/A,85.8,82.5,93.6,82,60,50
Japan,2008,73,70,76,N/A,70.3,56.2,N/A,88.1,85.1,94.3,80,60,50
Japan,2007,72.7,70,73,N/A,70.9,58.3,N/A,91.2,83,90.9,80.2,60,50
Japan,2006,73.3,70,69,N/A,70.9,58.3,N/A,87.2,84.4,92.5,80.2,70,50
Japan,2005,67.3,70,70,N/A,70.7,57.6,N/A,70,83.3,90.6,80.6,50,30
Japan,2004,64.3,70,71,N/A,62.4,55.1,N/A,70,N/A,89.2,80.8,50,30
Japan,2003,67.6,70,71,N/A,70.3,56.7,N/A,70,N/A,89.8,81,50,50
Japan,2002,66.7,70,64,N/A,70.7,54.4,N/A,70,N/A,90.6,80.4,50,50
Japan,2001,70.9,90,60,N/A,70.4,58.9,N/A,85,N/A,92.8,80.6,50,50
Japan,2000,70.7,90,58,N/A,70.1,63.3,N/A,85,N/A,89,81,50,50
Japan,1999,69.1,90,66,N/A,53.9,59.8,N/A,85,N/A,88.2,79,50,50
Japan,1998,70.2,90,71,N/A,53.8,60.9,N/A,85,N/A,92.9,79,50,50
Japan,1997,70.3,90,67,N/A,54.2,63,N/A,85,N/A,92,81,50,50
Japan,1996,72.6,90,90,N/A,53.6,63.9,N/A,85,N/A,88.9,82,50,50
Japan,1995,75,90,90,N/A,53.6,67.7,N/A,85,N/A,87,82,50,70
United Kingdom,2026,70.4,93.6,83,83.1,61.7,41.1,32.4,83.6,61.2,71.9,82.8,70,80
United Kingdom,2025,69.3,95.2,83.4,84.8,61,40.1,19,83.4,63.2,67.9,83.4,70,80
United Kingdom,2024,68.6,94.6,84.1,84.3,62.3,34.3,0,82.7,63.2,73.6,83.6,80,80
United Kingdom,2023,69.9,95.1,84.8,86.4,65.4,41.9,1.8,79.1,62.2,80.8,81.8,80,80
United Kingdom,2022,72.7,96.2,87.1,85.9,65.4,46.3,22.6,79.1,62.1,83,84.2,80,80
United Kingdom,2021,78.4,87.6,86.5,76.7,64.9,54.8,77.3,94.4,73.2,81,84,80,80
United Kingdom,2020,79.3,92.2,89.9,82.7,64.7,49.5,78.1,94.7,73.1,80.3,86.4,80,80
United Kingdom,2019,78.9,92.3,83.8,85.9,64.7,48.2,68.6,92.9,73.5,81.2,86,90,80
United Kingdom,2018,78,92.2,79,93.8,65.2,44.4,53.5,91.1,74.4,85.2,86.9,90,80
United Kingdom,2017,76.4,93.8,78.3,93,65.1,41.9,40.4,89.9,72.8,85,87,90,80
United Kingdom,2016,76.4,90,78,N/A,64.9,39,N/A,86,71.8,76.4,88,90,80
United Kingdom,2015,75.8,90,76,N/A,62.9,30.3,N/A,91.1,75.6,74.4,88,90,80
United Kingdom,2014,74.9,90,76.4,N/A,56.6,29.5,N/A,92,73.1,73.5,87.8,90,80
United Kingdom,2013,74.8,90,78,N/A,57,27.7,N/A,94.1,71.6,72.4,86.8,90,80
United Kingdom,2012,74.1,90,76,N/A,56.4,21.5,N/A,94.7,71.5,73.9,87.1,90,80
United Kingdom,2011,74.5,85,77,N/A,52,32.9,N/A,94.6,71.2,74.9,87.6,90,80
United Kingdom,2010,76.5,85,77,N/A,61.8,41.9,N/A,94.9,72.8,73.7,87.5,90,80
United Kingdom,2009,79,90,84,N/A,61,40.3,N/A,89.8,78.5,80.4,85.8,90,90
United Kingdom,2008,79.4,90,86,N/A,61.2,40.1,N/A,90.8,79.5,80.7,86,90,90
United Kingdom,2007,79.9,90,86,N/A,62,42.7,N/A,91.2,79,81.3,86.6,90,90
United Kingdom,2006,80.4,90,86,N/A,62.3,43.5,N/A,91.5,81.1,86.7,82.4,90,90
United Kingdom,2005,79.2,90,87,N/A,62.3,43.5,N/A,85,79,85,80.2,90,90
United Kingdom,2004,77.7,90,87,N/A,61.2,50.1,N/A,85,N/A,86.6,79.8,70,90
United Kingdom,2003,77.5,90,83,N/A,60.9,51,N/A,85,N/A,85.9,81.4,70,90
United Kingdom,2002,78.5,90,87,N/A,61.5,58.9,N/A,85,N/A,84.7,79.6,70,90
United Kingdom,2001,77.6,90,86,N/A,61.7,52,N/A,85,N/A,85.7,78,70,90
United Kingdom,2000,77.3,90,87,N/A,62.5,49.6,N/A,85,N/A,83.6,77.8,70,90
United Kingdom,1999,76.2,90,82,N/A,62.3,44.5,N/A,85,N/A,84.1,77.8,70,90
United Kingdom,1998,76.5,90,90,N/A,60.8,40.3,N/A,85,N/A,84.7,77.8,70,90
United Kingdom,1997,76.4,90,90,N/A,61.7,39.3,N/A,85,N/A,84,77.8,70,90
United Kingdom,1996,76.4,90,90,N/A,62.1,37.3,N/A,85,N/A,85.2,77.8,70,90
United Kingdom,1995,77.9,90,90,N/A,61.3,37.3,N/A,100,N/A,85,77.8,70,90
United States,2026,72.8,91.6,77.1,76.4,75.3,57.9,18.5,88.6,76.3,84.2,67.6,80,80
United States,2025,70.2,95.4,77.3,76.6,75.6,55.8,0,88.5,77,70.7,75.6,70,80
United States,2024,70.1,95.1,76.4,74.8,74.8,48.7,0,84.8,77.7,73.8,75.6,80,80
United States,2023,70.6,94.7,76.1,73.4,75.4,49.3,0,83.8,76.3,78,75.4,85,80
United States,2022,72.1,95.7,75.7,77.9,75.9,54.5,0,87.5,75.8,82.3,75.2,85,80
United States,2021,74.8,79.7,76.8,72.4,76,62.2,34.9,82.5,87.1,81.1,80.4,85,80
United States,2020,76.6,81.8,77.2,83.7,74.6,56.5,54.3,83.3,87.9,75.5,79.8,85,80
United States,2019,76.8,79.3,77.4,78.6,75.1,57.1,53.1,83.8,89.4,76.6,86.6,85,80
United States,2018,75.7,79.3,71.9,76.9,65.1,56.5,54.8,82.7,91.4,78.6,86.7,85,80
United States,2017,75.1,81.3,78.1,75.1,65.3,55.9,53.3,84.4,91,80.1,87.1,80,70
United States,2016,75.4,80,74,N/A,65.6,54.7,N/A,84.7,91.4,77,87,70,70
United States,2015,76.2,80,73,N/A,66.2,51.8,N/A,88.8,98.5,76.6,87,70,70
United States,2014,75.5,80,72,N/A,65.8,48.1,N/A,89.2,97.2,75.4,86.8,70,70
United States,2013,76,85,71,N/A,69.3,47.8,N/A,90.5,95.5,75,86.4,70,70
United States,2012,76.3,85,71,N/A,69.8,46.7,N/A,91.1,95.8,77.2,86.4,70,70
United States,2011,77.8,85,75,N/A,68.3,54.6,N/A,91,95.7,77.4,86.4,75,70
United States,2010,78,85,73,N/A,67.5,58,N/A,91.3,94.8,78.1,86.9,75,70
United States,2009,80.7,90,72,N/A,67.5,59.6,N/A,91.9,95.1,84,86.8,80,80
United States,2008,81,90,73,N/A,68.3,59.8,N/A,92.6,95.4,83.7,86.8,80,80
United States,2007,81.2,90,76,N/A,69,60.3,N/A,91.4,94.7,83.8,86.6,80,80
United States,2006,81.2,90,75,N/A,68.9,61.1,N/A,93.2,97.8,85,81.4,70,90
United States,2005,79.9,90,75,N/A,68.6,60,N/A,85,95.4,85.7,79.8,70,90
United States,2004,78.7,90,77,N/A,67.2,62.2,N/A,85,N/A,85.9,81.4,70,90
United States,2003,78.2,90,76,N/A,63.5,63.5,N/A,85,N/A,84.2,81.4,70,90
United States,2002,78.4,90,78,N/A,63.4,65.3,N/A,85,N/A,84.1,79.4,70,90
United States,2001,79.1,90,75,N/A,63.5,71.2,N/A,85,N/A,85.9,81,70,90
United States,2000,76.4,90,75,N/A,63.8,69.3,N/A,85,N/A,86.3,78.4,70,70
United States,1999,75.5,90,76,N/A,64.1,61.3,N/A,85,N/A,85,78.4,70,70
United States,1998,75.4,90,77,N/A,64.3,60.3,N/A,85,N/A,84.3,78.4,70,70
United States,1997,75.6,90,78,N/A,64.5,60,N/A,85,N/A,84.5,78.4,70,70
United States,1996,76.7,90,90,N/A,64.7,57.8,N/A,85,N/A,84.5,78.4,70,70
United States,1995,76.7,90,90,N/A,64.8,57.8,N/A,85,N/A,83.8,78.4,70,70
