Index of Economic Freedom -- Explore the Data
Source: The Heritage Foundation
https://economicfreedom.heritage.org

Country,Index Year,Overall Score,Property Rights,Government Integrity,Judicial Effectiveness,Tax Burden,Government Spending,Fiscal Health,Business Freedom,Labor Freedom,Monetary Freedom,Trade Freedom,Investment Freedom,Financial Freedom
Germany,2026,71.7,95.5,84.5,94.6,60.5,28.8,83.1,79.8,52.2,72.5,79.4,60,70
Germany,2025,71.6,95.4,86,93.5,60.5,26.9,81.1,83.7,53.3,69,79.6,60,70
Germany,2024,72.1,95.3,86,93,59.3,24.1,71.9,84.2,53.7,68.8,79.2,80,70
Germany,2023,73.7,94.8,93.1,89.4,60.2,28.3,82.7,79.7,52.8,75.3,78.6,80,70
Germany,2022,76.1,95.7,89.4,95.3,59.9,34.5,90.4,87.2,52.3,79.5,79.2,80,70
Germany,2021,72.5,78.8,81.5,69.8,60.4,40.3,92.8,82.4,53,77.2,84,80,70
Germany,2020,73.5,80.5,82.8,74.3,60.9,42.2,92.9,82.8,53,76.7,86.4,80,70
Germany,2019,73.5,79.9,81.3,75.4,60.8,42.3,91.8,83.3,52.8,77.9,86,80,70
Germany,2018,74.2,81,75.3,78,61.3,41.3,90.8,86.1,53.3,86.2,86.9,80,70
Germany,2017,73.8,82.9,77.7,79.5,61.9,41.4,89.9,86.6,42.8,85.9,87,80,70
Germany,2016,74.4,90,79,N/A,61.5,41.3,N/A,90,50.6,83.3,88,90,70
Germany,2015,73.8,90,78,N/A,60.8,40.1,N/A,88.2,51.2,81.5,88,90,70
Germany,2014,73.4,90,80.1,N/A,61.2,38.2,N/A,89.9,46.4,80.8,87.8,90,70
Germany,2013,72.8,90,80,N/A,61.8,37.3,N/A,92.1,43.8,81.2,86.8,85,70
Germany,2012,71,90,79,N/A,61.3,32.2,N/A,90.5,41.4,83.5,87.1,85,60
Germany,2011,71.8,90,80,N/A,58.5,42.7,N/A,89.6,40.6,83.9,87.6,85,60
Germany,2010,71.1,90,79,N/A,58.3,41.4,N/A,89.6,39.9,79.9,87.5,85,60
Germany,2009,70.5,90,78,N/A,58.5,38.2,N/A,90.3,43.4,80.8,85.8,80,60
Germany,2008,70.6,90,80,N/A,58.4,34,N/A,89.9,46.3,81.4,86,80,60
Germany,2007,70.8,90,82,N/A,61.4,33.7,N/A,88.9,44.2,81.5,86.6,90,50
Germany,2006,70.8,90,82,N/A,60.8,31.7,N/A,89.1,44.4,87.1,82.4,90,50
Germany,2005,68.1,90,77,N/A,58.4,28.6,N/A,70,48.7,88.1,80.2,90,50
Germany,2004,69.5,90,73,N/A,56.4,29.4,N/A,70,N/A,87.1,79.8,90,50
Germany,2003,69.7,90,74,N/A,55.7,30,N/A,70,N/A,86.6,81.4,90,50
Germany,2002,70.4,90,76,N/A,53.3,36.5,N/A,70,N/A,88,79.6,90,50
Germany,2001,69.5,90,80,N/A,44.7,33.7,N/A,70,N/A,89.4,78,90,50
Germany,2000,65.7,90,79,N/A,38.6,28,N/A,70,N/A,88.1,78,70,50
Germany,1999,65.6,90,82,N/A,38.3,24.1,N/A,70,N/A,86.6,79.4,70,50
Germany,1998,64.3,90,83,N/A,37.8,26.8,N/A,55,N/A,87,79.4,70,50
Germany,1997,67.5,90,81,N/A,37.8,28,N/A,70,N/A,85.6,75,70,70
Germany,1996,69.1,90,90,N/A,44,27.1,N/A,70,N/A,83.5,77.8,70,70
Germany,1995,69.8,90,90,N/A,33.2,30.6,N/A,85,N/A,81.6,77.8,70,70
